25
# no 0 : Point Light
1
1.8 1.418823 1.129412 1
6.02003 8.797774 -125.6786
7.054443
7.054443

# no 1 : Point Light
1
1.8 1.418823 1.129412 1
-17.01319 8.910494 -133.7479
5.672363
5.672363

# no 2 : Point Light
1
1.47 1.222764 0.8667453 1
-5.359835 17.3898 -101.8965
10.85599
10.85599

# no 3 : Point Light
1
1.8 1.418823 1.129412 1
-17.01303 8.749544 -101.8316
8.58638
8.58638

# no 4 : Point Light
1
1.8 1.418823 1.129412 1
6.019103 8.964174 -109.7476
7.380264
7.380264

# no 5 : Point Light
1
1.8 1.418823 1.129412 1
6.481514 8.781084 -101.8317
7
7

# no 6 : Point Light
1
2 1.576471 1.254902 1
-15.54375 3.92478 4.299992
5
5

# no 7 : Point Light
1
1.45 1.183703 0.8002359 1
-5.358077 17.0598 -117.7777
11.28397
11.28397

# no 8 : Point Light
1
1.8 1.418823 1.129412 1
-16.50796 8.782754 -125.6884
8.677376
8.677376

# no 9 : Point Light
1
1.8 1.418823 1.129412 1
-2.570096 6.201807 -71.6577
7
7

# no 10 : Point Light
1
2 1.576471 1.254902 1
-7.99792 5.82792 -83.59914
5
5

# no 11 : Point Light
1
2 1.576471 1.254902 1
7.836738 1.925 -43.59311
5
5

# no 12 : PointLight26
1
1.127123 1.161947 1.35 1
-5.125056 7.317765 -78.68773
8
8

# no 13 : PointLight27
1
1.050708 1.093464 1.35 1
-5.125056 2.67765 -61.76312
7.370996
7.370996

# no 14 : PointLight66
1
1.127123 1.161947 1.35 1
-4.932766 5.612861 -6.036007
7.971405
7.971405

# no 15 : PointLight67
1
1.076179 1.115296 1.35 1
-4.932766 4.760077 -14.07671
6.764259
6.764259

# no 16 : PointLight68
1
0.7848113 0.8090595 0.94 1
-4.932766 4.984632 9.46999
12.51723
12.51723

# no 17 : PointLight70
1
1.127123 1.161947 1.35 1
-4.932778 3.55786 -38.79975
8.383583
8.383583

# no 18 : PointLight71
1
1.127123 1.161947 1.35 1
-4.932778 3.535289 -49.88097
8.068901
8.068901

# no 19 : PointLight72
1
1.127123 1.161947 1.35 1
4.827682 4.280245 -40.18435
8
8

# no 20 : PointLight80 (1)
1
1.127123 1.161947 1.35 1
-5.610583 12.68522 -133.6608
15.57143
15.57143

# no 21 : PointLight81 (1)
1
1.127123 1.161947 1.35 1
-5.610425 12.68522 -102.5027
17.11404
17.11404

# no 22 : PointLight82 (1)
1
1.127123 1.161947 1.35 1
-5.610502 12.68522 -117.516
16.90277
16.90277

# no 23 : PointLight83 (1)
1
1.48 1.345809 1.236235 1
-23.46995 8.4447 -117.8589
4.430336
4.430336

# no 24 : PointLight84 (1)
1
0.8015094 0.8262736 0.96 1
-5.237137 7.4307 -90.87746
5.849701
5.849701

