00000002
9
00000000
-4.08001 1.76186 -40.31701
-15.51501 -2.058139 -58.29701
13.15499 9.84186 -26.13701
128 8
ReflectionProbe-8.dds
00000000
-5.24406 1.64 -61.64577
-9.74406 -2.47 -65.82077
-0.7440596 8.33 -57.47077
128 8
ReflectionProbe-2.dds
00000000
-5.60406 6.710001 -75.63577
-10.50406 -2.84 -85.83577
-0.7040601 16.26 -65.43578
128 8
ReflectionProbe-7.dds
00000000
-4.920002 5.44686 7.769993
-17.895 -0.5031395 -2.110007
3.654998 11.39686 17.84999
128 8
ReflectionProbe-1.dds
00000000
-4.920002 2.04686 -22.46001
-8.960002 -2.48814 -26.27501
-0.880002 6.58186 -18.64501
128 8
ReflectionProbe-3.dds
00000000
-4.920002 5.44686 -9.480007
-17.895 -1.55314 -18.82001
3.654998 12.44686 -2.140007
128 8
ReflectionProbe-6.dds
00000000
-5.25995 6.1307 -118.3475
-28.32495 2.1307 -143.6774
17.80505 27.3307 -93.01745
128 8
ReflectionProbe-5.dds
00000000
-5.259804 6.1307 -89.45745
-9.259804 3.4107 -93.38245
-1.259804 11.4107 -85.53245
128 8
ReflectionProbe-0.dds
00000000
-5.2601 6.1307 -147.8875
-9.260099 3.4107 -152.4774
-1.2601 11.4107 -143.9774
128 8
ReflectionProbe-4.dds
